23   0   181737   175900   187574 14.0 13.5 14.5    47862    45193    50531 19.0 17.9 20.1    31873    29590    34156 17.0 15.8 18.2  49381  48366  50396   14555   13226   15884 23.0 20.9 25.1 Maine                                         ME est14_ME.txt 06NOV2015
23   1    16125    13805    18445 15.4 13.2 17.6     5196     4163     6229 22.6 18.1 27.1     3437     2692     4182 20.8 16.3 25.3  46701  43816  49586                                        Androscoggin County                           ME est14_ME.txt 06NOV2015
23   3    13603    11952    15254 20.1 17.7 22.5     3512     2916     4108 27.9 23.2 32.6     2299     1869     2729 24.8 20.2 29.4  36066  34092  38040                                        Aroostook County                              ME est14_ME.txt 06NOV2015
23   5    30257    26449    34065 10.8  9.4 12.2     7531     6127     8935 13.7 11.1 16.3     5182     4209     6155 12.6 10.2 15.0  61436  59325  63547                                        Cumberland County                             ME est14_ME.txt 06NOV2015
23   7     4592     3651     5533 15.8 12.6 19.0     1239      944     1534 22.6 17.2 28.0      852      639     1065 20.8 15.6 26.0  41035  37899  44171                                        Franklin County                               ME est14_ME.txt 06NOV2015
23   9     6886     5641     8131 12.9 10.6 15.2     1729     1313     2145 18.6 14.1 23.1     1175      871     1479 17.0 12.6 21.4  45807  42883  48731                                        Hancock County                                ME est14_ME.txt 06NOV2015
23  11    16257    13593    18921 13.8 11.5 16.1     4537     3586     5488 19.4 15.3 23.5     2919     2218     3620 16.8 12.8 20.8  45556  42074  49038                                        Kennebec County                               ME est14_ME.txt 06NOV2015
23  13     5315     4366     6264 13.9 11.4 16.4     1393     1068     1718 19.6 15.0 24.2      947      712     1182 17.7 13.3 22.1  50002  47164  52840                                        Knox County                                   ME est14_ME.txt 06NOV2015
23  15     3951     3102     4800 11.7  9.2 14.2     1130      823     1437 19.3 14.1 24.5      692      485      899 15.6 10.9 20.3  47905  44250  51560                                        Lincoln County                                ME est14_ME.txt 06NOV2015
23  17     9083     7708    10458 16.1 13.7 18.5     2444     1884     3004 22.6 17.4 27.8     1699     1309     2089 21.1 16.3 25.9  40120  36871  43369                                        Oxford County                                 ME est14_ME.txt 06NOV2015
23  19    26330    23409    29251 18.0 16.0 20.0     6109     5039     7179 21.9 18.1 25.7     3982     3220     4744 19.4 15.7 23.1  42728  40211  45245                                        Penobscot County                              ME est14_ME.txt 06NOV2015
23  21     3403     2870     3936 20.3 17.1 23.5      857      671     1043 29.8 23.3 36.3      580      443      717 26.8 20.5 33.1  36994  34437  39551                                        Piscataquis County                            ME est14_ME.txt 06NOV2015
23  23     3642     2848     4436 10.5  8.2 12.8     1092      805     1379 16.3 12.0 20.6      745      544      946 14.7 10.7 18.7  55630  50699  60561                                        Sagadahoc County                              ME est14_ME.txt 06NOV2015
23  25     8681     7139    10223 17.3 14.2 20.4     2434     1827     3041 25.0 18.8 31.2     1628     1206     2050 22.1 16.4 27.8  39001  35891  42111                                        Somerset County                               ME est14_ME.txt 06NOV2015
23  27     5752     4705     6799 15.0 12.3 17.7     1656     1259     2053 22.3 17.0 27.6     1084      792     1376 19.7 14.4 25.0  46598  44204  48992                                        Waldo County                                  ME est14_ME.txt 06NOV2015
23  29     5725     4782     6668 18.5 15.4 21.6     1527     1146     1908 26.2 19.7 32.7     1122      840     1404 26.1 19.5 32.7  38057  35900  40214                                        Washington County                             ME est14_ME.txt 06NOV2015
23  31    22134    19280    24988 11.2  9.8 12.6     5475     4348     6602 14.1 11.2 17.0     3530     2741     4319 12.0  9.3 14.7  55482  52858  58106                                        York County                                   ME est14_ME.txt 06NOV2015
